49,4
49,3
49,2
49,1
49,0
4294967279,541
4294967278,365
4294967279,540
4294967278,364
48,4
48,3
48,2
48,1
48,0
4294967278,363
4294967278,362
47,4
47,3
47,2
47,1
47,0
4294967278,361
4294967279,539
4294967279,538
4294967278,360
46,4
46,3
46,2
46,1
46,0
4294967279,537
4294967279,536
4294967278,359
4294967279,535
4294967294,407
4294967279,534
45,4
45,3
45,2
45,1
45,0
4294967279,533
4294967278,358
4294967279,532
4294967278,357
4294967279,531
44,4
44,3
44,2
44,1
44,0
4294967279,530
4294967278,356
4294967279,529
4294967279,528
43,4
43,3
43,2
43,1
43,0
4294967278,355
4294967278,354
4294967279,527
42,4
42,3
42,2
42,1
42,0
4294967279,526
4294967279,525
4294967278,353
4294967279,524
41,5
41,4
41,3
41,2
41,1
41,0
4294967278,352
4294967279,523
4294967278,351
4294967279,522
4294967279,521
4294967279,520
4294967278,350
40,4
4294967278,349
40,3
40,2
40,1
40,0
4294967279,519
4294967278,348
4294967278,347
4294967278,346
4294967279,518
4294967278,345
4294967279,517
4294967278,344
4294967279,516
39,6
39,5
39,4
39,3
39,2
39,1
39,0
4294967278,343
4294967278,342
4294967279,515
4294967278,341
4294967279,514
38,4
38,3
38,2
38,1
38,0
4294967278,340
4294967294,406
4294967278,339
37,4
37,3
37,2
37,1
37,0
4294967279,513
36,4
36,3
36,2
36,1
36,0
4294967278,338
4294967279,512
4294967278,337
4294967279,319
4294967278,336
4294967279,318
35,4
35,3
35,2
35,1
35,0
4294967279,317
4294967278,335
4294967279,316
4294967278,334
4294967279,315
4294967278,333
34,4
34,3
34,2
34,1
34,0
4294967278,332
4294967278,331
4294967278,330
4294967279,314
4294967278,329
33,5
33,4
33,3
33,2
33,1
33,0
4294967278,328
4294967278,327
4294967278,326
4294967279,313
4294967278,325
32,5
32,4
32,3
32,2
32,1
32,0
4294967278,324
4294967278,323
4294967279,312
4294967278,322
31,5
31,4
31,3
31,2
31,1
31,0
4294967278,321
4294967278,320
4294967279,311
4294967278,253
30,4
30,3
30,2
30,1
30,0
4294967278,319
4294967279,310
4294967278,318
4294967279,309
29,4
29,3
29,2
29,1
29,0
4294967279,308
4294967278,317
4294967294,405
4294967279,307
4294967278,316
28,5
28,4
28,3
28,2
28,1
28,0
4294967278,315
4294967278,314
4294967278,313
27,5
27,4
27,3
27,2
27,1
27,0
4294967278,312
4294967278,311
26,5
26,4
26,3
26,2
26,1
26,0
4294967278,310
25,6
4294967279,306
25,5
25,4
25,3
25,2
25,1
25,0
4294967279,305
4294967279,304
4294967279,303
4294967278,309
4294967279,302
4294967278,308
4294967278,307
4294967279,301
24,5
4294967279,300
4294967278,306
24,4
4294967279,299
24,3
24,2
24,1
24,0
4294967279,298
4294967278,305
4294967279,297
4294967278,304
4294967279,296
4294967278,303
23,7
23,6
23,5
23,4
23,3
23,2
23,1
23,0
4294967279,295
4294967279,294
4294967279,293
22,5
22,4
22,3
22,2
22,1
22,0
21,4
21,3
21,2
21,1
21,0
4294967278,302
4294967278,301
4294967279,292
4294967278,300
20,4
20,3
20,2
20,1
20,0
4294967278,299
4294967279,291
4294967279,290
4294967278,298
4294967279,289
19,5
19,4
19,3
19,2
19,1
19,0
4294967279,288
4294967279,287
4294967279,286
4294967278,297
4294967279,285
18,4
18,3
18,2
18,1
18,0
4294967279,284
17,4
17,3
17,2
17,1
17,0
4294967278,296
16,4
16,3
16,2
16,1
16,0
4294967278,295
4294967294,1417
4294967294,404
15,4
15,3
15,2
15,1
15,0
4294967278,294
14,4
14,3
14,2
14,1
14,0
4294967278,293
13,4
13,3
13,2
13,1
13,0
4294967278,292
12,4
12,3
12,2
12,1
12,0
4294967278,291
4294967294,1416
4294967294,371
4294967294,1415
4294967294,1014
11,4
11,3
11,2
11,1
11,0
4294967278,290
4294967294,403
10,4
10,3
10,2
10,1
10,0
4294967278,289
4294967279,283
4294967278,288
9,4
9,3
9,2
9,1
9,0
4294967278,287
4294967279,282
4294967278,286
8,4
8,3
8,2
8,1
8,0
4294967278,285
4294967279,281
7,6
4294967278,284
7,5
7,4
7,3
7,2
7,1
7,0
4294967278,283
6,4
6,3
6,2
6,1
6,0
4294967279,280
5,4
5,3
5,2
5,1
5,0
4294967278,282
4,4
4,3
4,2
4,1
4,0
4294967278,281
3,4
3,3
3,2
3,1
3,0
2,4
2,3
2,2
2,1
2,0
4294967278,275
4294967279,279
4294967293,131
4294967293,130
4294967293,129
4294967293,128
4294967293,127
4294967293,126
4294967293,125
4294967293,124
4294967293,123
4294967293,122
4294967293,121
4294967293,120
4294967293,119
4294967293,118
4294967293,117
